# oST version 5.0 parameters


[image]

width
1920

height
1080

[narrow_stereo]

camera matrix
1522.922794 0.000000 965.823676
0.000000 1525.404088 531.513449
0.000000 0.000000 1.000000

distortion
0.014930 -0.057434 -0.002262 -0.003136 0.000000

rectification
1.000000 0.000000 0.000000
0.000000 1.000000 0.000000
0.000000 0.000000 1.000000

projection
1518.276611 0.000000 960.063705 0.000000
0.000000 1529.002075 529.855737 0.000000
0.000000 0.000000 1.000000 0.000000
