desired_resolution:
  x: 224
  y: 224

min_area: 50 # this will be squared in the code

timing:
  camera: 0.1
  network_stage1: 0.0025
  network_stage2: 0.0025
  network_stage3: 0.0025
  communication_stage1: 0.025
  communication_stage2: 0.025
#  communication_stage3: 0.05

# I need fix
network_camera_matrix_1:
  fx: 1537.8309326171875
  fy: 1517.6612548828125
  cx: 1018.5463256835938
  cy: 577.5239868164062

network_camera_matrix_2:
  fx: 1361.1070556640625
  fy: 1378.796630859375
  cx: 978.017578125
  cy: 667.2257690429688

score_threshold: 0.3
desired_class: 15
aspect_ratio: 0.75

variance:
  x:
    min: .00387
    max: .00347
  y:
    min: .00144
    max: .00452
